<<<<<<< HEAD
[[ 3.11555222e-02  1.89405956e-02  6.17341814e-02  4.50980912e-02
   1.23525415e-02  5.34896803e-02  6.44229911e-02  6.65936966e-02
   2.64967392e-02  2.39307877e-02  5.20777408e-02  1.13366040e-02
   4.07669758e-02  2.01240699e-02  7.37190880e-03  5.14640434e-02
   4.33260283e-02  7.44287249e-02  2.34110505e-03  4.54520880e-02
   5.02079702e-02  4.30539025e-02  2.43948879e-02  5.88456706e-02
   3.36692518e-02  8.84976334e-03  3.52167270e-02  7.70620124e-03
   7.38852621e-02  2.48803483e-02]
 [ 2.15624470e-02  3.24504834e-02  7.23327320e-03  7.49864645e-02
   3.61121416e-04  3.22249953e-02  1.75028376e-02  6.14427066e-02
   2.21483097e-02  2.61597398e-02  2.16248408e-03  3.74278035e-02
   7.79463317e-05  7.85023929e-02  6.57132096e-03  8.64920444e-03
   1.99327763e-02  8.22152307e-03  7.60728058e-02  5.19648586e-02
   5.31297199e-02  3.49749887e-02  3.29210930e-02  5.00223375e-02
   4.94762426e-02  5.38441451e-02  4.12694787e-02  5.13809330e-02
   1.09172428e-02  5.11007027e-02]
 [ 7.63811617e-03  5.00184118e-02  4.13026149e-02  4.85313161e-03
   1.76743937e-02  3.91175989e-02  1.14915035e-02  2.27010509e-02
   4.29017140e-02  2.58648815e-02  1.52308321e-02  4.18721280e-02
   4.06549921e-02  4.04477581e-02  2.43905769e-02  1.98761849e-02
   5.67094392e-02  2.47602239e-02  4.52730403e-02  1.91652780e-02
   4.83648103e-02  6.60873494e-02  1.95044275e-02  2.35696392e-02
   1.01313461e-02  5.88290805e-02  5.04459473e-02  6.03559560e-02
   6.19519271e-03  6.89726792e-02]
 [ 5.80421577e-03  6.09400855e-02  4.43731708e-02  2.29049989e-03
   4.77429073e-02  1.07554158e-02  3.60558908e-02  6.33381015e-02
   1.86675798e-02  5.60014988e-02  3.90470696e-03  5.84071573e-02
   1.70613033e-03  3.47018324e-02  2.18470166e-02  1.48183164e-03
   3.21236663e-02  7.07847073e-02  2.94579457e-02  2.32255665e-02
   6.90720013e-03  6.32383251e-02  3.15510010e-02  5.02763895e-02
   3.80931486e-02  6.12521294e-02  2.00619314e-02  2.86838984e-02
   4.27196933e-02  2.08468386e-02]
 [ 5.72265590e-03  1.11633183e-02  3.96562276e-02  6.63138185e-02
   2.91496656e-02  2.28482720e-02  2.48347835e-02  1.53108121e-02
   2.08780930e-02  2.31273895e-02  3.66898451e-02  2.26467540e-02
  -2.43100459e-02  8.16288836e-02  7.98775684e-02  4.09366587e-02
   5.61492825e-03  1.33604009e-02  2.11086734e-02  1.16488643e-02
   3.37910618e-02  2.82804123e-02  4.70541292e-03  4.16592007e-02
   5.69562678e-02  1.12941548e-02  1.85112609e-02  5.25086255e-02
   3.49294187e-02 -1.38758859e-01]
 [ 5.43991601e-03  6.52056249e-02  2.84243817e-02  2.33310193e-02
   6.34697000e-03  5.86308399e-02  7.08553254e-02  5.55383215e-02
   6.25520594e-02  6.02254913e-02  2.89270056e-02  3.61360786e-02
   1.72867066e-02  4.52762452e-02  3.24580968e-02  5.83629093e-02
   1.84281265e-02  9.58215984e-03  1.58629971e-02  2.19897925e-02
   5.86200263e-03  6.75251200e-03  1.61902740e-02  1.88320734e-02
   1.82528363e-02  5.36662626e-02  5.12169613e-02  6.95549561e-02
   4.00388474e-02  5.46436611e-02]
 [ 3.64029393e-02  2.23571627e-02  5.83085896e-02  4.90628030e-02
   3.72498625e-01  6.33411013e-02  4.67043133e-02  2.89526524e-02
   2.24881438e-02  5.27620699e-02  4.51183141e-02  4.63534962e-02
   1.56978295e-02  2.78739284e-02  1.39412285e-02  4.22966833e-02
   4.66178168e-02  4.60011799e-02  7.84235871e-03  3.71064603e-01
   3.35315134e-02  3.26833268e-02  1.55123350e-02  5.72172933e-02
   5.22479477e-02  1.71858492e-03  4.37785697e-02  2.93047559e-02
   1.90198616e-03  1.03598322e-02]
 [ 1.88584413e-02  3.98991651e-03  2.86720596e-03  4.64285525e-02
   5.71537034e-03  4.61520837e-02  3.06064514e-02  5.41139085e-02
   1.64658812e-02  5.18209127e-03  6.98899970e-03  3.09963568e-02
   2.21526882e-02  5.57244326e-02  4.41102867e-02  3.66128666e-02
   1.80001979e-02  3.77490649e-03  6.21495795e-02  5.22715300e-03
   1.45138489e-02  3.75350429e-02  2.46518268e-02  6.00067276e-02
   5.71352717e-02  5.17877477e-02  3.92379791e-02  4.70367863e-02
   4.00540011e-02  6.20878861e-02]
 [ 2.07549552e-02  3.07235417e-02  3.97658809e-02  6.11929708e-02
   2.96511308e-02  3.68673417e-02  4.00211755e-02  7.17344998e-02
   4.13670396e-02  1.40401832e-02  4.67942102e-02  1.34404665e-02
   0.00000000e+00  8.88491318e-03  1.05114388e-03  5.84486144e-02
   6.42624731e-02  2.85481429e-02  3.14720882e-02  3.87710615e-02
   4.19146575e-02  3.78405542e-02  2.06163847e-02  5.58855624e-02
   4.31293776e-03  4.78732677e-02  1.12154307e-02  6.30706663e-02
   7.85444961e-02  9.83070733e-03]
 [ 1.79749457e-02  4.28147741e-02  3.10386510e-02  6.50746137e-02
   2.78813898e-02  6.05150073e-02  3.73460371e-03  6.86175451e-02
   6.11993004e-02  7.42912947e-02  2.72261132e-02  4.90421256e-02
   3.44438302e-02  3.88433500e-02  5.97812291e-02  2.53513999e-02
   6.49973709e-02  5.86847843e-02  5.40647298e-02  2.12127491e-02
   9.53418018e-03  3.48077354e-02  1.91729622e-02  3.18611966e-02
   6.24625028e-02  3.64214129e-02  3.97253130e-02  2.93621699e-02
   7.07755017e-03  2.20968969e-02]
 [ 3.67550629e-02  6.15426171e-02  5.20950795e-02  5.68294814e-02
   2.80722412e-02  6.90912866e-03  3.72089547e-02  2.93058238e-02
   2.45012838e-02  3.82014593e-02  2.96608515e-02  3.13802768e-02
   3.18626632e-02  6.52688366e-02  7.89463604e-02  4.39031676e-02
   4.03598809e-02  6.87517506e-02  5.11652412e-02  5.65251251e-03
   2.57399367e-02  6.53442228e-02  5.29529177e-03  3.21983274e-02
   5.71025045e-02  1.23269172e-02  1.19427331e-02  4.15761601e-02
   2.77274244e-02  2.55803109e-02]
 [ 1.30800226e-03  4.90331698e-02  3.67362772e-02  2.91518902e-02
   2.70989418e-02  3.63405039e-02  4.80015319e-02  5.88567325e-02
   3.53200423e-03  1.22981961e-02  1.86412934e-01  5.79662795e-02
   4.57586675e-02  2.69206974e-02  1.60152537e-03  4.74707573e-02
   4.39490045e-02  3.85697331e-02  1.05996587e-02  1.27391768e-02
   7.11784079e-03  4.18202033e-02  5.68009205e-04  2.32718108e-02
   5.36296371e-02  2.89236996e-02  5.80332577e-02  3.80962533e-02
   7.27504317e-02  5.96982958e-02]
 [ 1.91951360e-02  1.27675853e-02  2.25737680e-02  2.07507491e-02
   2.83258676e-02  5.14610742e-02  5.65393996e-02  6.28508141e-02
   7.72706896e-02  6.55541088e-03  5.00134966e-02  4.36685003e-02
   3.05246259e-02  1.06158049e-02  6.03345190e-02  6.66596058e-03
   1.09325112e-02  9.51344088e-03  3.78854132e-02  1.16268110e-02
   1.02854056e-02  3.99711860e-02  2.35865660e-02  4.45295541e-02
   4.07522278e-02  8.29680282e-02  5.34375273e-02  7.52735893e-03
   1.23014760e-02  4.42507982e-02]
 [-4.80361373e-01  4.52513010e-02  1.40322551e-02  2.77630565e-02
   2.45092691e-02  4.00285153e-02  4.57294697e-02  4.65857089e-03
   5.01189533e-03  1.13634446e-02  3.44624349e-02  1.85201832e-02
   5.50075463e-02  2.31523009e-03  6.31647162e-02  3.45190854e-02
   1.62289114e-02  7.63202717e-02  0.00000000e+00  3.05423632e-02
   5.25536333e-02  3.21137810e-02  5.92675077e-02  3.38364272e-02
   5.50490792e-02  4.63302418e-02  1.73186764e-02  3.58355702e-02
   6.93300826e-02  1.54101833e-02]
 [ 4.05537476e-02  6.46197455e-03  5.33964804e-02  3.09548997e-02
   2.08805819e-02  2.06565460e-02  4.43348332e-02  2.97184954e-03
   6.57009803e-03  2.16922668e-02  3.56033682e-02  5.56234320e-02
   6.32785767e-02  7.47094526e-03  4.61780171e-02  8.70001283e-04
   3.31890397e-02  1.09595155e-02  4.55137007e-02  1.98891169e-02
   8.41564279e-03  2.32378424e-02  8.05887061e-03  5.71328313e-02
   2.62493565e-03  8.62667307e-03  5.11915182e-02  1.61621315e-02
   6.14868902e-02  2.10097799e-02]
 [ 2.78961432e-02  3.94592269e-02  1.51216378e-02  5.15687061e-02
   3.54934120e-02  5.29829711e-02  9.73901220e-03  9.81745258e-03
   5.16102868e-02  3.36099417e-02  4.88281539e-02  4.60347566e-02
   4.30702339e-02  3.47031327e-02  1.00901229e-02  1.75236206e-02
   2.35007169e-02  3.44384131e-02  7.51324445e-02  1.71799623e-02
   5.90894562e-02  5.71519346e-02  3.33182761e-02  2.50625296e-02
   4.44674708e-02  1.08884844e-02  4.04470735e-02  3.71925889e-02
   3.64737009e-02  6.61311674e-02]
 [ 1.03914166e-03  1.32013838e-02  3.89358020e-02  4.67744579e-02
   4.01434907e-02  4.61179317e-02  4.60731837e-02  7.19693077e-02
   2.93060639e-02  1.54567053e-02  4.24967203e-02  1.62641660e-02
   5.00003191e-02  6.10050813e-02  3.83876570e-02  2.65776086e-02
   5.35404480e-02  2.14573339e-02  2.95357591e-02  3.53530598e-02
   3.99977210e-02  6.26795189e-02  3.83680977e-02  1.41286439e-02
   1.16920750e-02  3.73136110e-02  1.26435907e-02  2.70436448e-02
   5.36329292e-02  2.87964620e-03]
 [ 2.61205110e-03  3.93419007e-02  5.78808545e-02  3.73435908e-02
   4.25262497e-02  6.30504152e-02  2.60780963e-02  3.16634098e-02
   6.25812884e-04  6.01187632e-02  3.94024596e-02  5.95382444e-02
   5.05253371e-02  4.68461346e-02  8.13856199e-02  5.91456827e-02
   6.62798731e-02  6.66945342e-02  3.17640520e-02  4.40891626e-02
   6.68897737e-02  3.91400642e-02  6.39620568e-03  1.19818217e-02
   1.91761614e-02  6.58594762e-02  3.89498048e-02  6.77199479e-02
   7.45486621e-03  2.30061483e-02]
 [ 3.23491073e-02  3.33016353e-02  5.51676008e-02  7.86683579e-03
   1.52940894e-02  2.21507295e-02  2.97128729e-02  4.55342602e-02
   7.96821404e-02  4.01923587e-02  5.68635799e-02  3.88864603e-02
   7.33870662e-02  2.73971199e-03  4.69776518e-02  4.91475325e-02
   6.45748040e-02  2.97525076e-02  4.48200036e-03  3.52201442e-02
   6.82053741e-02  4.20704139e-02  1.03504333e-02  5.07929161e-03
   4.98939087e-02  4.35835923e-02  3.09185028e-02  6.13248763e-02
   6.57093619e-03  6.71197090e-02]
 [ 1.09115821e-02  6.96343468e-03  4.58580069e-02  1.34921123e-02
   8.38493978e-03  1.70587484e-02  3.42609442e-02  6.93626052e-03
   5.25421010e-02  6.60993299e-02  1.09878302e-02  6.04010561e-02
   4.90364744e-02  6.40444751e-02  9.18105336e-02  6.71976843e-02
   3.80016491e-02  4.82961339e-02  7.35275813e-02  5.37407539e-03
   5.72576650e-02  2.50701154e-02 -4.32313056e-01  5.51673717e-02
   3.39283076e-02  3.34725500e-02  4.14412978e-02  7.97369027e-03
   7.68720030e-02  3.71735819e-02]
 [ 4.22680743e-03  5.24406474e-02  3.25265718e-02  8.30166447e-03
   1.82431161e-02  5.32928295e-02  2.14916634e-02  9.34279868e-03
   8.00495378e-02  7.21846271e-02  1.11374042e-02  2.74499437e-02
   6.11602451e-03  2.56316142e-02  5.40188803e-02  4.80286798e-02
   5.23852460e-02  1.34344318e-02  9.92988005e-02  3.69871407e-02
   7.11062088e-02  4.30728898e-05  3.77924303e-02  3.33717711e-02
   5.18260217e-02  2.45448901e-02  3.30855111e-02  2.04038240e-04
   4.89343657e-05  2.31871785e-02]
 [ 6.67550980e-03  6.06717782e-02  4.10079223e-02  1.74247720e-02
   3.43436109e-02  4.22720896e-02  7.06837778e-02  2.89964034e-02
   2.16014248e-02  7.95267630e-02  4.65304126e-02  6.70296346e-03
   3.94442139e-02  1.87551962e-02  1.97589157e-03  4.55958052e-02
   2.70525571e-02  7.75918073e-02  2.40928559e-02  2.03034664e-02
   7.35101057e-02  2.35105393e-02  3.00898474e-02  5.06335844e-02
   2.84107083e-02  3.05174003e-02  2.73212157e-02  6.94975266e-03
   2.86013500e-02  3.24576452e-02]
 [ 3.99836664e-02  6.10403738e-02  5.75421916e-02  2.56325694e-02
   3.64546530e-02  4.07945972e-02  6.20215424e-02  1.48201104e-02
   4.73495626e-02  4.09880727e-03  5.84153326e-02  2.38951563e-02
   6.19429633e-02  3.82530985e-02  1.92221022e-02  1.40777778e-02
   4.76202298e-02  2.24121627e-02  6.26088858e-02  6.90511876e-03
   3.33600135e-02  7.92171477e-03  5.79202590e-03  1.41353744e-02
   4.08544483e-02  4.77843745e-02  1.71609943e-02  2.83566669e-02
   7.09809034e-02  1.32366351e-02]
 [ 3.88113675e-02  4.76173392e-02  1.68263693e-02  6.25064785e-02
   3.46950209e-02  1.42793698e-02  2.82960855e-02  6.35014785e-02
   3.23499322e-02  7.07742956e-02  1.91132380e-02  2.06173442e-02
   7.86938643e-02  8.05096335e-02  2.58734756e-02  7.25020672e-02
   6.70450782e-02  3.39389533e-02  1.29046442e-02  3.86049178e-02
   2.85867549e-02  3.99720958e-02  2.73593253e-02  8.92535173e-04
   1.69307161e-02  6.02757178e-02  5.69184269e-02  5.94774554e-02
   5.57827155e-02  4.39277744e-03]
 [ 2.77297577e-02  5.23015878e-02  2.75068036e-02  3.48349749e-02
   2.05672617e-02  1.08985283e-02  1.15466518e-03  4.10940345e-02
   4.16431450e-02  1.77353110e-03  1.59704076e-02  5.56054899e-02
   3.28324480e-02  2.59868477e-03  7.22157845e-03  4.42109066e-02
   1.84299766e-02  4.25641690e-02  6.81111878e-02  4.73506569e-02
   3.21555692e-02  3.47280653e-02  1.28228900e-02  4.36100507e-02
   5.10617906e-02  3.93805475e-02  2.28303464e-02  5.16464069e-02
   5.92191326e-02  4.02394199e-02]
 [ 2.06551018e-02  1.95285804e-02  3.17462963e-02  6.47756697e-02
   2.35073550e-02  3.13492389e-02  1.60895383e-02 -8.91367331e-03
   4.67763960e-02  5.95204799e-02  4.03503189e-03  5.14740483e-02
   1.90201702e-02  2.29361132e-02  1.40532325e-02  4.37287610e-02
   6.51390806e-03  8.84220465e-03  1.60607284e-02  1.45605536e-02
   5.22645362e-02  6.60902032e-02  3.82498423e-02  5.79996345e-02
   4.26758728e-02  1.32795109e-02  8.84685688e-02  6.89502317e-03
   6.05546093e-04  2.97789280e-02]
 [ 3.76222872e-02  6.04715494e-02  4.63419060e-02  2.53961261e-02
   1.20857836e-02  2.64144465e-02  7.63545532e-02  4.23724520e-04
   6.44127656e-02  4.49481920e-02  4.49460916e-02  3.83127284e-02
   7.24016605e-02  5.73778033e-02  6.73577393e-02  3.53545049e-02
   2.03833419e-02  5.83158836e-02  1.16717230e-02  7.89974654e-03
   1.57073975e-02 -1.38808770e-02  2.11507197e-02  4.87923496e-02
   1.71863814e-02  2.83877362e-02  4.72113553e-02  6.70534858e-02
   2.38969868e-02  3.08693831e-02]]
[[ 0.          0.          0.          0.          0.          0.
   0.          0.          0.          0.          0.          0.
   0.          0.          0.04902204  0.          0.          0.
   0.          0.          0.          0.          0.          0.
   0.          0.          0.          0.          0.         -0.24648463]]
[[ 0.0680414   0.00933825  0.01553708  0.03032741  0.00145645  0.04735591
   0.02876385  0.00525215  0.04847523  0.04327885  0.03558075  0.01964677
   0.01886225  0.05875927  0.05829887  0.01882072  0.04960562  0.00294398
   0.01994997  0.01055705  0.04668719  0.0425284   0.00687477  0.00436969
   0.02458705  0.00481007  0.02402722  0.05844404  0.01307464  0.00381193]
 [ 0.0380721   0.04995678  0.00531803  0.0448116   0.04897152  0.05126904
   0.02097752  0.02805471  0.00263844  0.03767008  0.05761106  0.01202615
   0.0346879   0.05829408  0.02724979  0.05694581  0.03504936  0.02361759
   0.04253284  0.01389085  0.01134099  0.03249898  0.03847154  0.03350169
   0.01426215  0.04693015  0.03053861  0.02646807  0.02171188  0.0163478 ]
 [ 0.05319897  0.01744857  0.05244371  0.0515264   0.03954933  0.00183088
   0.0498516   0.04131094  0.00305203  0.04724813  0.02382482  0.03022326
   0.06577536  0.03085742  0.00741906  0.03723078  0.0538518   0.0241425
   0.03904141  0.01540373  0.09428526  0.00471048  0.04271878  0.04253536
   0.05102165  0.0654785   0.03585629  0.04074832  0.03878467  0.03148298]
 [ 0.06879618  0.03528199  0.05396495  0.05782816  0.01091702  0.03612781
   0.02299279  0.05083128  0.0508335   0.04862837  0.02745621 -0.00146351
   0.05378369  0.03249034  0.00885083  0.03370196  0.0372091   0.01471363
   0.02197322  0.0316734   0.00180401  0.03694433  0.02044472  0.01324061
   0.04217334  0.05667067  0.0327442   0.02812448  0.00509613  0.08229509]
 [ 0.04179874  0.05640306  0.01751374  0.02041786  0.04513228  0.04628952
   0.00947239  0.02729293  0.04856905  0.02699713  0.03369107  0.0517425
   0.00540731  0.05202489  0.05371592  0.03678279  0.02689267  0.02269381
   0.00227428  0.03694827  0.01879791  0.0509539   0.02984647  0.02423445
   0.04317031  0.00728642  0.02109259  0.02003612  0.04233543  0.02307136]
 [ 0.03466604  0.05667233  0.          0.03187572  0.04833611  0.04997087
   0.04048001  0.03041129  0.01315437  0.02643057  0.0431421   0.04023347
   0.02615943  0.05952556  0.02714648  0.05280015  0.05329639  0.0323555
   0.00109066  0.02108511  0.02999575  0.00345444  0.03618282  0.01978492
   0.05045966  0.00578011  0.03537765  0.04111603  0.06358007  0.03878579]
 [ 0.03557549  0.00468066  0.01970604  0.01125282  0.03169202  0.00582573
   0.00931105  0.00318663  0.01691     0.05011471  0.05821086  0.04522829
   0.01260883  0.03792481  0.01791723  0.05462366  0.05449328  0.01472159
   0.01040547  0.03015722  0.03620308  0.0569124   0.03282123  0.04700306
   0.01388106  0.06554089  0.03450832  0.0654707   0.03507103  0.06399059]
 [ 0.01095394  0.02022495  0.04817136  0.05336582  0.04081195  0.01887388
   0.04008605  0.03949347  0.06077788  0.0048137   0.02309789  0.00917021
   0.01979454  0.04242605  0.03787137  0.02484899  0.04859891  0.00051245
   0.03698635  0.00750276  0.00651185  0.01488553  0.01355579  0.03420585
   0.03654283  0.0318695   0.00201691  0.03644482  0.06859129  0.03231754]
 [ 0.01532124  0.05356842  0.00256481  0.02700743  0.04944969  0.03220556
   0.03920876  0.03805988  0.00777442  0.04051627  0.05599461  0.02445078
   0.03629777  0.0464018   0.01714256  0.01853289  0.03969513  0.0286508
   0.04185506  0.01695925  0.04681478  0.06096326  0.0605041   0.03049433
   0.05242071  0.03890595  0.03758082  0.00472151  0.04943388  0.0121992 ]
 [ 0.00476667  0.00122686  0.07733729  0.00461583  0.02758408  0.02554387
   0.0429084   0.04500759  0.04478774  0.02027493  0.          0.00801267
   0.05635165  0.01726073  0.01546333  0.02367893  0.0552416   0.01291806
   0.0576681   0.04995636  0.02244337  0.00622551  0.02263453  0.04571928
   0.04614996  0.02104854  0.0272447   0.03654117  0.03411217  0.06533577]
 [ 0.03212349  0.05966658  0.00051783  0.00638631  0.03812693  0.03125665
   0.03333535  0.00881971  0.05175871  0.0499074   0.0395788   0.05763041
   0.04953787  0.05813988  0.04913458  0.05094811  0.00895017  0.02326332
   0.04241747  0.00520937  0.04841712  0.02788552  0.04095866  0.05597815
   0.0458753   0.03546581  0.01971475  0.02580073  0.02120854  0.01566888]
 [ 0.07673067  0.03966939  0.03585846  0.00529082  0.0407714   0.03596408
   0.03657594  0.03066337  0.0616789   0.04101577  0.01561799  0.03902497
   0.02096061  0.00933577  0.04961558  0.01771079  0.00559078  0.01163598
   0.01380579  0.00054838  0.00616554  0.04348763  0.04395689  0.00498936
   0.00569421  0.08172075  0.0478958   0.02569737  0.0222614   0.02298965]
 [ 0.03001558  0.01104567  0.01475032  0.03908075  0.03468374 -0.04694422
   0.0177231   0.04071832  0.02018997  0.0032683   0.03174204  0.04526156
   0.02512154  0.03364486  0.06147695  0.01829053  0.014715    0.39162466
   0.07040611  0.03582913  0.00272432  0.06653292  0.04873047  0.04672809
   0.05068785  0.00982398  0.03934956  0.01517041  0.01230958  0.02437618]
 [ 0.06911762  0.05249133  0.01723885  0.07086559  0.04621743  0.05052509
   0.02174891  0.05471262  0.01497216  0.05028438  0.02911683  0.03326352
   0.04076939  0.03879472  0.04360777  0.05606358  0.00240278  0.02594055
   0.03821037  0.06564606  0.0444318   0.00307381  0.05410436  0.01590709
   0.01667293  0.05383115  0.0477051   0.03727681  0.01170049  0.08596509]
 [ 0.01128364  0.01459716  0.01588368  0.03671255  0.03746374  0.02017226
   0.06578519  0.03918014 -0.02681117  0.03365542  0.05858505  0.04294053
   0.03108627  0.05491219  0.01747166  0.02252823  0.0250621   0.02812772
   0.02822468  0.05171526  0.01884639  0.03227299  0.04364831  0.05890299
   0.05743883  0.01661077  0.00947848  0.06728246  0.03174713  0.0626543 ]
 [ 0.0087479   0.04595964  0.00368103  0.02260608  0.04136989  0.0068201
   0.05077493  0.06367146  0.01493815  0.05875906  0.05305154  0.01044697
   0.03627154  0.01917408  0.00710794  0.00627177  0.05197229  0.02743648
   0.01798095  0.06473832  0.01265386  0.03980608  0.0385148   0.05494546
   0.01730243  0.0464032   0.00186705  0.00311935  0.00198569  0.04261445]
 [ 0.005697    0.04208059  0.06798914  0.05546136  0.00144494  0.02600862
   0.00214683  0.06065631  0.02427594  0.03681654  0.02155566  0.02185095
   0.01179912  0.02158015  0.03065978  0.03463761  0.04708153  0.00794378
   0.05800428  0.00670658  0.06181309  0.01628958  0.06018994  0.02954182
   0.03333379  0.0229232   0.05593849  0.05827437  0.06589102  0.01302009]
 [ 0.02757312  0.02162375  0.08052945  0.01440131  0.04530781  0.0413054
   0.05335335  0.0349635   0.03346245  0.01644807  0.05276397  0.00961808
   0.04411857  0.01866339  0.05656446  0.03640932  0.05200635  0.02565437
   0.0631074   0.03906137  0.00874123  0.05870585  0.04886973  0.05811384
   0.04663294  0.00805346  0.04484748  0.02501904  0.00042622  0.02597275]
 [ 0.03595167  0.02874967  0.00194162  0.02022289  0.04413535  0.00701108
   0.03314121  0.02108214  0.03172392  0.02035256  0.0236931   0.03633707
   0.04279815  0.00287277  0.02615722  0.01695446  0.01356954  0.01625205
   0.01042551  0.03120245  0.02332394  0.02737065  0.05661108  0.05833662
   0.0370875   0.018476    0.04674546  0.06513828  0.04929109  0.00461887]
 [ 0.07739075  0.04174531  0.03301876  0.02817328  0.04876367  0.04630715
   0.01327933  0.03834144  0.09755037  0.00743337  0.03892689  0.01970501
   0.02270893  0.0599534   0.05938763  0.04071632  0.04503883  0.01800681
   0.02685398  0.03116626  0.02415061  0.06018869  0.0227248   0.00539773
   0.01153439  0.07005346  0.03759642  0.0155233   0.03135006  0.03367699]
 [ 0.00224192  0.03259935  0.09068098  0.01150905  0.02522582  0.02843517
   0.06669652  0.0132811   0.0407502   0.03360233  0.00048766  0.05582971
   0.03394889  0.03333485  0.00456129 -0.04075642  0.0544445   0.03395721
   0.03963016  0.04746754  0.08731646  0.06662768  0.04911002  0.03987952
   0.0450797   0.04557288  0.04168546  0.03592449  0.04546312  0.05466994]
 [ 0.01161703  0.05827767  0.05373515  0.07184842  0.01548885  0.03635674
   0.03641839  0.02719255  0.01479684  0.03168384  0.04496363  0.01070368
   0.01709557  0.00330225  0.04213263  0.00161183  0.0096879   0.02382994
   0.07058224  0.00286903  0.0772369   0.00356679  0.00666855  0.04045478
   0.03640902  0.03794624  0.0459694   0.00662601  0.03285484  0.02772398]
 [ 0.04403111  0.05967331  0.06479532  0.02439383  0.04689644  0.05037057
   0.04151068  0.04377264  0.00635544  0.0441173   0.02848092  0.02781005
   0.03556355  0.01082608  0.04666035  0.00448155  0.01167904  0.02965929
   0.03968592  0.04816253  0.01883768  0.04212281  0.01456758  0.02511768
   0.04270197  0.01391399  0.00480678  0.00660936  0.0325297   0.01003727]
 [ 0.00257456  0.05667589  0.02838779  0.0518595   0.03401044  0.0384243
   0.0019526   0.00320839  0.02608739  0.02619042  0.0106875   0.02903934
   0.04553721  0.01615544  0.04318909  0.03957936  0.00578701  0.00074053
   0.00069773  0.05837513  0.02884222  0.06006092  0.02645211  0.01326269
   0.01628131  0.00551209  0.02046909  0.01143019  0.03404453  0.04312219]
 [ 0.00493475  0.02038377  0.03987491  0.01475513  0.04531526  0.04986983
   0.04809817  0.04473684  0.06522777  0.0320441   0.04174654  0.05753075
   0.02378822  0.01097801  0.05885684  0.02429708 -0.03517015  0.02028373
   0.04390448  0.05240792  0.04860443  0.01382371  0.00307906  0.00089108
   0.02930512  0.02725152  0.05910769  0.05417084  0.02168791  0.01504275]
 [ 0.04304718  0.03963065  0.02110234  0.00667653  0.01427769  0.03028994
   0.06862797  0.0482405   0.05324113  0.03574904  0.01155602  0.05909944
   0.05249323  0.03270619  0.01763685  0.02489707  0.01364352  0.01538025
   0.02634233  0.03857077  0.01659737  0.03511543  0.00100201  0.05199452
   0.01119374  0.0139111   0.03587557  0.04491936  0.04835283  0.04094491]
 [ 0.01437276  0.03746671  0.03667417  0.06990658  0.0430442   0.04644912
   0.02791094  0.00990646  0.01730417  0.0584003   0.00849031  0.04962693
   0.05849107  0.04727456  0.01225035  0.06499248  0.04544292  0.04422151
   0.01156291  0.03989268  0.04198255  0.03333994  0.02181773  0.04298282
   0.02664567  0.05521451  0.05317727  0.04254937  0.04649077  0.00665547]
 [ 0.02073033  0.00912469  0.0242927   0.0608576   0.019584    0.02824108
   0.03883858  0.04570457  0.02854352  0.00117803  0.05575445  0.06046523
   0.00897227  0.02118141  0.03519266  0.05506327  0.01836409  0.03099855
   0.01915609  0.06241203  0.06152125  0.01190145  0.02080293  0.05979895
   0.04077644  0.02256571  0.04807998  0.06714313  0.0598846   0.02893877]
 [ 0.04664256  0.01293982  0.07256527  0.04893623  0.01962292  0.03995799
   0.01290651  0.05439924  0.0153185   0.02993226  0.03485986  0.06050939
   0.03153617  0.01171814  0.03457815  0.05610006  0.0351275   0.02169479
   0.04986541  0.05878086  0.03379227  0.01996898  0.03743802  0.00221589
   0.02849799  0.05442583  0.02301196  0.0139082   0.04150432  0.00273039]
 [ 0.06398556  0.01079718  0.00392521  0.00702713  0.01434904  0.02399754
   0.02512306  0.00784783  0.05804064  0.04318876  0.03973187  0.0311088
   0.03767311  0.05948692  0.03268279  0.02972348  0.05033015  0.02607859
   0.05535885  0.02510434  0.01911674  0.02778133  0.0566982   0.0394717
   0.02618014  0.01600354  0.03569091  0.02030167  0.017225    0.06893903]]
[[ 0.         0.         0.         0.         0.         0.
   0.         0.         0.         0.        -0.3116533  0.
   0.         0.         0.         0.         0.         0.
   0.         0.         0.         0.         0.         0.
   0.         0.         0.         0.         0.         0.       ]]
[[ 3.27456734e-02  5.20725642e-02  3.16227158e-02  4.67395709e-02
   2.87680251e-02  3.79513318e-02  3.61490046e-02  8.85035578e-03
   5.08057312e-02  2.12549762e-02  4.38744050e-02  2.42251128e-02
   5.02264624e-02  4.12099919e-03  5.75214277e-02  3.99129651e-02
   2.18132470e-02  5.07991099e-02]
 [ 3.93466907e-02  4.99310511e-02  3.13890768e-02  2.55657519e-02
   2.35806080e-02  2.13302956e-02  5.33399013e-02  3.56572292e-02
   4.45376539e-02  3.34023643e-02  2.05641600e-02  4.63954879e-02
   2.77911219e-02  6.52316335e-02  5.94668602e-02  4.42389091e-02
   1.50964896e-02  4.54522223e-02]
 [ 1.14084436e-02  5.29006019e-02  3.18988350e-03  2.82529203e-02
   4.20370740e-02  1.05411337e-02  4.17944569e-02  1.24452331e-02
   5.65295241e-02  6.62745888e-03  1.74891289e-02  3.73658771e-02
   4.57996181e-02  9.41859432e-03  2.86124539e-02  3.06842790e-02
   4.67912367e-02  7.48904579e-02]
 [ 4.37909277e-02  9.74893971e-03  3.22778788e-02  5.30906776e-02
   3.45434510e-02  2.03812661e-02  5.15125740e-02  5.24111644e-04
   4.45703208e-02  2.06623047e-02  4.41824154e-02  2.78097001e-02
   4.67292143e-02  2.92503349e-02  1.13334900e-02  4.40425502e-03
   5.57621909e-02  5.02778534e-02]
 [ 2.59007215e-02  1.18321499e-02  3.32645641e-02  4.44272331e-02
   5.50687622e-03  6.47294058e-02  4.96941874e-02  2.28386239e-02
   4.53684260e-02  6.22036521e-02  2.19430678e-02  2.29276370e-02
   6.08534983e-02  6.54010614e-02  1.98704388e-02  3.21967037e-02
   1.51515298e-02  2.65035792e-02]
 [ 2.56232623e-02  2.78723082e-02  1.95833821e-02  4.46370620e-02
   8.33447140e-03  1.96744017e-02  5.30328418e-02  6.30919309e-02
   4.72752911e-02  4.68749905e-02  4.94916633e-02  6.03622658e-02
   6.08351293e-02  2.82204530e-02  2.68901393e-02  3.45516321e-02
   1.55344893e-02  2.60192815e-02]
 [ 1.55353981e-02  2.10662421e-02  3.06650716e-03  3.44131861e-02
   2.86837264e-02  7.50609199e-02  6.39701041e-03  2.43370883e-02
   1.83578225e-02  6.14248727e-02  3.18836574e-02  1.93023451e-02
   1.31007616e-02  5.74817921e-03  1.02211249e-02  2.29804951e-02
   3.15118266e-02  2.43408740e-02]
 [ 4.39113468e-03  3.89943870e-02  2.52866483e-02  4.41674128e-02
   5.92372871e-02  2.00052447e-02  4.75257523e-02  1.22467856e-02
   4.10068547e-03  4.12100803e-02  7.78407738e-03  4.58790921e-02
   1.33147380e-02  7.23966469e-03  2.11273062e-02  3.47614328e-02
   5.42172707e-02  1.48397454e-02]
 [ 5.08616755e-02  3.66019097e-02  1.94138014e-04  3.44408682e-02
   2.01042759e-02  5.59535255e-03  2.75485783e-02  2.32192194e-02
   5.95024399e-02  6.23175198e-04  3.55564014e-02  1.47751679e-02
   4.38589676e-02  7.70312842e-02  3.25483450e-02  1.71877778e-03
   5.29628461e-02  4.91385420e-02]
 [ 1.64155835e-02  6.63590870e-02  1.36285894e-03  5.07767916e-02
   3.97043216e-02  1.75333203e-02  5.78141750e-02  4.61153465e-02
   5.70140400e-02  6.30265635e-02  4.27746090e-02  5.56637857e-02
   7.82135059e-03  3.98252379e-03  5.14090035e-02  3.15504166e-02
   8.37051990e-03  2.07681834e-02]
 [ 3.17352575e-02  3.98909545e-02  1.66852806e-02  3.35228698e-02
   3.37995169e-02  8.85877526e-03  7.12401312e-02  4.72482879e-02
   2.65853889e-03  1.66447992e-02  2.35164087e-02  5.36598845e-02
   6.01464789e-02  6.50228263e-02  5.09532486e-02  2.76136039e-02
   5.42194552e-02  3.82926011e-02]
 [ 7.74240521e-03  4.92254114e-02  2.80632283e-02  2.67325679e-02
   3.38726833e-02  4.09521205e-02  1.43944842e-02  3.28130165e-02
   3.11258372e-02  3.73078471e-02  1.45323706e-02  2.31115298e-02
   8.02187712e-03  7.48406883e-03  6.21047968e-02  4.26071381e-02
   8.64383697e-02  5.62093954e-02]
 [ 1.35423566e-02  1.69368390e-02  1.60824447e-02  4.83053511e-02
   5.52294822e-02  4.33862757e-02  2.87641943e-02  1.60955014e-02
   3.16952870e-02  5.23405592e-02  2.62339379e-02  2.79949252e-02
   4.25245122e-02  4.36076637e-02  3.62109050e-02  4.88380831e-02
   5.57406338e-02  5.88429298e-03]
 [ 1.87216338e-02  2.21080382e-02  1.78748865e-03  4.20448143e-02
   4.81043911e-02  4.38635230e-02  7.16504295e-02  3.88336430e-02
   1.92721292e-02  1.87498078e-02  4.45492015e-02  5.36742471e-02
   5.22720127e-02  5.61180495e-02  6.91702657e-03  4.74976785e-02
   4.86179407e-02  3.36627757e-02]
 [ 4.74746100e-02  3.33859867e-02  1.27121580e-02  1.37505945e-03
   6.87150870e-02  3.25525820e-02  5.67181691e-02  1.83973918e-02
   2.66836128e-02  4.45405851e-02  3.78404131e-03  2.31795847e-02
   5.63382105e-02  4.34569742e-03  3.02135389e-02  3.79646116e-02
   3.50879280e-02  5.44846736e-02]
 [ 3.74418217e-02  4.09656452e-02  3.38412761e-02  2.52518453e-02
   1.20313308e-02  6.76496209e-02  2.95403290e-03  5.78241082e-02
   1.23466710e-02  6.61457652e-02  4.91741697e-02  3.35605341e-03
   4.78292550e-02  5.64373779e-02  1.28182668e-02  3.85055792e-02
   5.25777002e-02  3.48871941e-02]
 [ 5.60773681e-02  5.01074053e-02  8.26142493e-03  4.34645904e-02
   4.22849492e-02  2.99466629e-02  6.34801766e-03  1.67578023e-02
   5.11440933e-02  1.64509971e-02  3.35299214e-02  2.92935181e-04
   1.62201962e-02  5.93411853e-02  3.80909227e-02  1.25038769e-01
   3.08798009e-02  4.04948434e-02]
 [-1.45611853e-01  3.70334866e-02  1.44160450e-02  4.97058048e-03
   2.39329657e-02  5.09904696e-03  1.59302139e-02  1.13916489e-03
   4.54617635e-02  6.73425586e-03  3.65689538e-02  1.76389281e-02
   3.50898483e-02  2.88920611e-02  1.66361498e-02  1.95841002e-02
   2.63248365e-02  4.10939339e-02]
 [ 4.54360854e-02  1.65621604e-02  2.91581465e-02  4.47184555e-02
   2.71466990e-02  4.36031222e-02  1.88135933e-02  6.12914844e-02
   2.55217609e-02  3.08024907e-02  2.40648614e-02  5.78093527e-02
   3.35118696e-02  4.77452976e-02  4.82909301e-02  4.82792453e-02
   1.44247185e-02  3.95256323e-02]
 [ 6.63783940e-03  4.09188059e-02  3.31543149e-02  8.75738294e-03
   1.38957297e-02  1.64977591e-02  0.00000000e+00  2.20974399e-02
   5.71980473e-03  2.76395999e-02  6.11593469e-02  1.42041831e-02
   3.14115743e-02  7.14705317e-03  3.98930552e-02  3.42257018e-02
   2.26173178e-02  1.26880261e-02]
 [ 1.19589012e-02  2.05934866e-02  1.16861828e-02  4.77783348e-02
   5.95115037e-03  4.80207344e-02  2.92476880e-02  2.03279219e-02
   3.23732459e-02  9.33885312e-03  4.21065664e-02  5.46273439e-02
   4.19752210e-02  1.10366341e-02  3.63728040e-02  1.15038213e-02
   1.11274839e-02  4.20924179e-02]
 [ 7.45583335e-03  8.60386939e-03 -4.77900262e-01  1.09402380e-02
   2.25908093e-02  8.88607797e-03  6.21982205e-02  6.39536636e-02
   5.91731341e-02  6.33590421e-02  2.55890119e-02  9.19323635e-04
   1.61800588e-02  5.97686321e-02  3.63872003e-02  3.42395535e-02
   5.17542452e-02  8.66083882e-03]
 [ 6.00773755e-02  3.51530607e-02  8.29740253e-03  2.02014239e-02
   2.22248193e-03  5.55683415e-02  5.09260927e-03  3.06737711e-02
   2.25158792e-02  4.99260878e-02  1.37786879e-02  6.75061759e-02
   3.37875550e-02  8.12506871e-03  3.97162647e-02  3.52424204e-02
   3.14845592e-02  5.11067761e-02]
 [ 1.56398693e-02  6.04703267e-02  2.02417702e-02  4.74049575e-02
   1.74448484e-02  5.43867265e-02  1.41425207e-02  2.67699405e-02
   9.91926229e-04  3.79887934e-02  6.25536699e-02  4.89634958e-02
   3.80079175e-02  6.51601782e-02  2.86093063e-02  2.21184308e-02
   3.71225551e-02  3.06946247e-03]
 [ 2.32248733e-02  1.71358246e-02  9.92777886e-03  1.03096752e-02
   6.85018061e-02  0.00000000e+00  2.12404801e-03  5.42930090e-02
   1.61657021e-02  1.92045249e-02  5.93865303e-02  3.76083311e-02
   3.16464208e-02  1.50826072e-02  2.62224989e-02  4.89049443e-02
   2.34745934e-02  3.79919231e-02]
 [ 5.12494445e-02  2.02832655e-02  2.59134211e-02  1.55432264e-02
   3.91007247e-02  4.34411364e-02  3.39927049e-02  5.99126098e-02
   9.57180814e-03  1.94732216e-02  3.26083358e-02  6.43712996e-02
   3.42246560e-03  1.93471384e-02  5.11336031e-02  3.66305085e-02
   2.92136157e-02  4.61257082e-02]
 [ 5.94675468e-02  3.12729250e-04  1.89625230e-02  8.04072860e-02
   6.88552814e-02  8.98524916e-02  1.15769080e-02  4.95365026e-02
   5.30149813e-02  5.42573863e-03  2.07514022e-02  1.30050651e-02
  -1.62117765e-02  2.35782509e-02  4.15449593e-02  2.95022623e-03
   5.93624646e-03  8.08612325e-04]
 [ 6.09884258e-02  5.36547304e-02  2.55199330e-02  2.07826609e-02
   5.07103915e-02  5.73290803e-02  5.33382188e-02  6.80512354e-02
   5.66517005e-02  4.19689365e-02  4.61859642e-02  4.35853080e-02
   1.45981877e-02  6.42091268e-02  5.40796896e-02  1.66280625e-02
   3.54676932e-02  1.28160395e-02]
 [ 1.31846912e-02  3.37532264e-02  1.52221813e-02  1.92457491e-02
   3.17064061e-02  4.80104585e-03  6.96966219e-02  5.45373229e-02
   4.22076478e-02  4.57499223e-02  4.81904642e-02  8.83795744e-03
   7.58981691e-03  1.58467100e-02 -1.97228762e-02  1.54981297e-02
   7.06990346e-05  2.95418999e-02]
 [ 2.03122971e-02  3.55255064e-02  1.09290836e-02  4.17314567e-02
   4.34031483e-02  1.25022051e-02  6.96871182e-03 -1.01202586e-02
   2.76425412e-02  3.28977341e-02  1.61925688e-02  3.09476040e-02
   4.28838832e-02  4.60596445e-02  5.08136762e-03  2.91295258e-02
   3.02079609e-02  2.75331042e-02]]
[[ 0.          0.          0.          0.          0.          0.
   0.          0.          0.          0.          0.          0.
   0.          0.          0.          0.          0.         -0.03721039]]
=======
[[-0.045315779388998105, -0.05932803474904723, 0.04772484099344338, -0.015793446925366203, 0.012921031910128153, 0.057995293577540116, -0.0513020432954217, 0.0059140981151595455, 0.016697361789252366, -0.03746309922875175, -0.0055760893521516934, -0.00811580541142525, 0.07412024018965863, -0.012744908499072765, 0.06737107803301019, -0.0005572848649082595, -0.050785267266059225, -0.03921143924888045, 0.031430692199042876, -0.014784538322965748, -0.019661413460702614, 0.046165512739904005, -0.039426414955479425, 0.06379258856906789, 0.06274794418728154, -0.0516328191541421, 0.061420933573138825], [0.016440780029990668, -0.004055605832935344, 0.017887213622251465, -0.006479000391926578, 0.04323846040160946, 0.007765443352965156, -0.028625926558081133, -0.05934457832114472, -0.04334066171191369, -0.08727540937930969, 0.0068037752727548965, -0.03588003184313982, -0.08467793204961016, 0.0030482552275757926, -0.043786849514080524, -0.05395984271830537, 0.0003209732876029688, 0.050448272962772545, -0.019861324004428624, 0.07361763547484769, 0.0408560145817843, -0.021084409426466378, -0.07295287652731894, -0.039765379640995135, 0.030076050064994846, 0.06694247718964903, 0.04146482061154514], [-0.042967510831278144, -0.02033505397517907, -0.010306152048410216, 0.05388777481439501, -0.035576581068970825, -0.05596409287091633, -0.0635880436818192, -0.03747279481796902, -0.05600962110079813, -0.05225743033742375, -0.01629053603025218, -0.04678919725853639, -0.01966986106257067, 0.02052678131240871, 0.03905659254254931, -0.04481940594905313, -0.007754918388830838, 0.05638080443192974, 0.03846278258354546, -0.011520710196341268, 0.05097961424558392, 0.05487016281792517, -0.021421889359213596, 0.04220438891933514, 0.059745344928335255, -0.005137823071607993, 0.036004131354821604], [-0.04482792231542491, -0.04954625703176349, -0.05279332434186958, 0.04061127318365496, -0.025394092632912646, -0.021863045219209835, 0.008645394380034135, 0.01899016441605836, -0.04267605662284512, 0.04661597725288628, -0.04764158429955242, -0.03681084409088549, 0.01853517234635974, 0.030690459111779304, -0.011198290994529424, 0.056503484853842746, -0.06309698028700285, 0.028264002803207025, -0.0018566327645059774, 0.06111678950536602, 0.03521060800975576, -0.06602466268620165, -0.017304578438177346, 0.04649558115772209, -0.05477797658777428, -0.04867206465885643, -0.023836780007822078], [0.048753504049219826, 0.03710275282098161, -0.011962460851621082, 0.030903683501859396, -0.0015616886707887107, 0.046087085213535856, 0.012075460537314732, 0.02543793999458303, -0.03009132514187555, 0.0028411516586975957, -0.048112502026640185, 0.07206628460658036, 0.026870751793910096, 0.05865161295055052, 0.04400597678974317, -0.02343247010094165, 0.01472450158536049, 0.048207667690460324, 0.050785499859937265, 0.047892674275864, -0.005799152461543685, 0.05777700513334856, 0.07489646082042775, 0.03752262686419356, 0.07411150061081316, 0.04354757808554165, 0.024778681903665997], [-0.0534335296248278, -0.004410304532306662, 0.021246531742308436, 0.010707775497883024, -0.05527669937608195, 0.01577090735323575, 0.0681786247120645, 0.03259732063068503, -0.04089021953646504, 0.019590280545073547, -0.02155425180683476, -0.02882676603403417, 0.06418699853633276, -0.009560662355184445, -0.033421651514370605, -0.035963350439107325, -0.060728331800829614, 0.017721775137621906, -0.06126559755629894, -0.05891594306954916, 0.06869972786656933, 0.020270962394933513, -0.029329329633268203, -0.0508809814704155, -0.03967010732932886, -0.04259817126096053, 0.034303198243428805], [0.032399169046463935, 0.2868464528348513, 0.05191728942373947, 0.0328663043392548, 0.048170058244228854, 0.03040081409306101, -0.02661546065637371, 0.03904792214556583, 0.02296161919122351, -0.00010573841775741324, -0.04397851284663844, -0.038231177665745894, 0.016716639688813643, -0.004259933945288984, 0.048487477562567494, -0.03475128806010765, -0.0035244131193663962, 0.02323157615453435, -0.01043884590568647, 0.0168883335629093, 0.03618909588117388, 0.04925507539418606, 0.037023647577026364, -0.018732569103288063, 0.027806004130743113, -0.01248994758427463, 0.00666463342512952], [0.04972948515295583, -0.06165950002175781, 0.05061305074096011, -0.0021561246649369546, 0.07041818679160455, 0.06826794979146657, 0.03968349125329341, 0.045249709078568144, -0.03449691568122538, -0.026694089170801395, -0.06323330799499692, -0.024040310833106, 0.009645753911250703, -0.002004308669523949, 0.050318953086854204, 0.05317567343573446, -0.05715020871663232, 0.05949600071060766, -0.00031251256946219347, 0.007030927166158116, 0.054336461871741105, -0.03443057078632095, -0.042886812146018964, 0.019753976003485045, -0.05780546360593424, 0.014562778277601354, 0.0008474778670016998], [-0.031030643852355135, -0.05542125788667308, 0.009327149556488565, -0.05334821519919778, 0.04500794956444902, -0.006093342236908688, 0.006303465115682963, -0.061916622746320246, -0.018127544964930357, -0.017985504530471572, -0.05907358274660894, 0.03363858055845014, -0.03668946274417714, -0.04658904498318561, -0.040695341377847784, -0.005145165720034696, -0.06318334700364593, 0.011514066908933711, -0.04660768931940739, -0.061613170279177364, -0.04336601980308717, -0.03216343200805599, 0.040689062046694216, -0.051084992251152976, -0.051092742636917814, 0.028589717203420347, -0.043702886755725465], [0.062300013606854256, -0.018800339223588033, 0.028639946651397106, 0.007476711079524677, -0.009103570206694644, -0.04860602580303482, 0.06076753461280302, 0.06498434090087601, 0.021973586189840997, -0.046696277941211124, -0.059118737502698714, 0.04938821002258359, -0.03237203303612525, 0.06644831992984984, 0.019387163886380225, 0.007478552770158575, -0.009225733355496592, -0.043725918827119556, 0.047268306110507065, -3.780568926426923e-05, 0.023670451173311263, -0.021784756036106204, 0.06183310398401499, -0.05771729092692991, 0.04994317074654213, 0.06174975283806185, -0.019502346949025546], [-0.002331246515600155, 0.05819934696807582, 0.006565020771137568, 0.0454538155259411, 0.054171692806727754, 0.03748039839877273, -0.012399060511997602, 0.0419610944072966, 0.05249717448219365, 0.009257613206286, -0.061520656460866976, -0.048526902237317766, -0.014339187767686888, -0.05171147168317194, 0.06652759801761034, 0.05570901138682001, -0.012891889263060199, -0.02362464706079323, 0.05003571170067625, 0.02628613765434546, -0.0721768457775246, 0.030283697688952723, 0.013796509803870441, -0.03637846258352037, 0.0398945026660774, 0.032309813677746074, -0.04367049097593027], [0.02283861249291295, -0.04315351420018073, -0.03377999097255284, 0.038561238790860854, 0.03929290099019109, -0.015505282808159665, 0.02101211950500675, -0.020733497267367267, -0.06706858872311935, 0.03438041953671645, -0.03433593940306611, -0.017774946725455713, -0.011378655433900051, -0.01268329544943896, -0.0680618790608778, 0.07176747824576643, -0.039506475955450426, -0.05642926374502714, 0.006707734924868799, 0.011103277783852158, -0.0475901089199965, -0.07002340270296599, 0.044217680746634624, 0.033455945520090236, 0.00351725342485376, 0.06890379465745596, 0.06621670201323133], [0.009468194088876475, -0.014260413818926121, 0.039097331242859204, -0.0460208619510961, -0.017122797554583163, -0.02647473981418191, 0.006977660400236781, 0.042438196678384776, -0.03376251227984111, -0.0027406607630510917, 0.04560784923874991, -0.04001186924251039, 0.04080903755696288, -0.04003101651281112, -0.039354623877497975, 0.06611024118021674, -0.058141736912887654, 0.016496185680806755, 0.01374797382853184, 0.05496677038211637, 0.05565311729917917, 0.023876180080094775, -0.03518501508806256, 0.04220802735353952, 0.06976506112764308, 0.06908490970211915, 0.0505870163442333], [0.033592240967030694, 0.0014237489440950934, -0.02971050078318718, 0.04945581810495645, 0.03934861537728454, 0.015271135286308878, -0.032189655987149964, 0.001484989034878409, 0.00734602975658993, 0.06352394339499953, -0.06345005219496302, 0.026351994094749302, 0.06401431320665053, 0.049618636810574476, 0.00019923586976785713, 0.061156593212865866, 0.06544568531375955, -0.04753718302843648, -0.034615475233322264, -0.03428642157187102, 0.009303941028919169, -0.05043629659848436, 0.05594339101814416, -0.04380185192837209, 0.054090201743623216, 0.03538734079522213, 0.031014708713793845], [-0.04026261705984681, 0.05200440531827471, 0.05189802567287492, 0.048484225835577495, -0.009579531239976534, -0.04640021581406261, 0.038385648969132186, 0.009765238192912857, 0.050815203431154136, -0.015796911250015144, -0.027164874404474845, 0.0469960678459549, -0.06496346944640378, 0.03968552496742169, -0.04540334756452553, -0.015598708702265004, 0.06166782718463851, 0.03562634442543983, -0.00493983281138978, -0.04929295037272445, 0.031722356586814986, 0.007240822356091047, -0.03481837634700077, 0.044373499807225866, -0.049798018401774176, 0.06613894686964748, 0.011177009122379938], [-0.053064760699473856, 0.07545868986833883, -0.04635956747485052, 0.017455786304765446, 0.07188240026258201, -0.010476287156140244, -0.07149818034494639, -0.01691361792556872, -0.002985608171438431, 0.0589368814555724, -0.03236707312642519, -0.05677149022757376, -0.05419802577352859, 0.06069940704157506, -0.05617775312139534, -0.06307374923401424, -0.030479237284380255, -0.0063204561339508525, 0.030223873749227057, -0.05320964440314175, 0.01383328631599374, -0.008628461857403182, -0.0026597811290589657, -0.008993178054334937, -0.06913566698009066, 0.008011628557908872, -0.020185507346320578], [0.03652318590396913, 0.06870931927259281, -0.03010992274966678, 0.0678746411038658, -0.010936151128605263, -0.01049749025940689, 0.0339309869284731, -0.020581291852345234, -0.02469226078240434, 0.0436756970904651, 0.05951341376051622, -0.05062047951641799, 0.007962242839574484, -0.010502273424137296, -0.01147546015129823, 0.056969405206026856, -0.02860822072009545, -0.07076259780911873, -0.0636114645709847, -0.055589545944281324, -0.014603202247799109, -0.025745525551352972, 0.045153051414139764, -0.05353188395921774, 0.05420434786717931, 0.002196375868771678, -0.04141956207729375], [0.07408453403283356, -0.05737043724648831, 0.037684947080678766, 0.028495008240666576, -0.06287661421088478, 0.07546001438564943, -0.038081726199502654, 0.0037479667243365154, -0.04984842385097465, 0.053667810858568976, -0.0017204312815910932, 0.016496399900265395, -0.0014821091633133612, 0.01327811260257131, 0.005714469050416729, -0.02954274377451029, 0.011421704084637637, 0.02385406268103911, -0.05893190641715839, 0.06754423755866769, 0.020137502927978935, -0.05653612443456813, 0.03338950058651971, 0.013112361840206838, -0.06587437576282518, 0.028707699476590413, 0.07093877562655568], [0.019576092715833653, 0.03160896969185568, 0.04356506958263093, -0.027027049068363215, 0.06690749712175854, 0.026352295430649278, 0.04376875164023652, 0.038316184650422115, -0.0065510391557995025, 0.06021049121734819, 0.006302644126712224, 0.02261895259219699, 0.022024435868396617, 0.0019659729897334812, -0.04476278874345719, 0.07537725290608756, -0.062418187747708874, -0.017849338265843707, 0.0486537726037303, -0.036736876038211214, -0.038516886973975366, -0.015126707939316275, 0.05874989727891802, -0.0050330030816005105, 0.0437474160439497, -0.07486795935659002, 0.06136446716867454], [-0.049408648317130696, 0.004761023336749513, -0.05918896881987921, 0.00982064529137128, -0.0210366046547117, -0.05382614282112181, 0.07526379178683959, -0.040987502412024236, -0.030341545771792128, -0.06189773816038556, 0.008772819137700142, 0.011203578458039756, 0.0380606805851912, -0.006351119212281009, 0.00912178193262729, 0.0040683282199450365, 0.07287187450607963, 0.01988481952094895, 0.08287099151178963, 0.03369328307627501, 0.02837310331218862, 0.007847109615336918, 0.04774781442783763, 0.053203087533997745, 0.060193412644950456, -0.06563643473939555, -0.043567150193409905], [0.04114121188805243, -0.03265879846337909, -0.04731827785382464, 0.02110605226800379, -0.018396615864551248, 0.07020649703920755, 0.0669797638593384, 0.05503757651693712, -0.023004080515085276, -0.05730953157023206, 0.03716952604242166, 0.002263866350923015, -0.003175351507515407, 0.03355264481605467, 0.01902005333087661, 0.05365345066232048, 0.0318688168400198, -0.00713575302769182, -0.05447930771768089, 0.04488099145430113, 0.037517737489321315, -0.02748216991963351, 0.05751007478812181, 0.054330964011668474, -0.06725211458554575, -0.006240649336649246, -0.029308122280642643], [-0.043332007432497786, 0.010284660603520134, -0.051716917907399886, -0.022803871886226935, -0.05011664383434969, 0.07125741480765609, -0.024002353020232858, 0.06857911967714043, 0.0017933149206879786, 0.06218968454528367, 0.02245607758000064, -0.012359067021790472, 0.05939702238710938, -0.05705617886433293, -0.029758309129737724, -0.017843870929650476, -0.072684032412619, 0.017044680170494736, 0.034986461515153264, -0.0016201205993852255, 0.06984416522749211, 0.028953636727410997, -0.0025429120474035295, -0.056748790277062595, -0.023988151338222463, 0.05524321539632753, -0.031397319740811634], [0.07640550834241451, -0.049376235993675265, -0.022650188323348343, -0.05297527344386279, -0.011652752728445147, 0.019029011007173552, -0.06006146270007023, -0.0718784097602172, 0.014346587855693815, -0.02675696198011513, -0.040104246678865446, -0.06301569677304834, -0.008314086033141507, 0.028661122785700044, 0.08434109152335907, -0.011114403634854162, -0.02669705300583137, 0.00266659047914276, 0.06814206878082055, 0.003763473638235346, 0.06952885568824248, 0.0168180419254392, 0.012750960045335867, 0.030230579485772756, 0.049893411618085005, 0.04162287444925017, 0.03720305131985992], [0.05847008857698176, -0.06828114641998506, 0.07657507253900535, -0.047946436138588074, -0.016099583258648794, -0.08040467694511048, 0.0029685852990297265, 0.02044712716060159, -0.05546578536867845, 0.041450604225950524, -0.007325480014302764, -0.011858881098838757, 0.03199857374475021, 0.04884407509845015, -0.028839067863180273, 0.0117824379560263, 0.05522065659156559, 0.021098599852506915, 0.0471205832978772, 0.011372666688622699, -0.019931505684214357, 0.0792022761844192, -0.02372217250231337, -0.03871525527847364, -0.06417128198849992, -0.0014607200648545037, 0.02922666015852437], [0.04603656403511728, 0.06370434242719608, 0.04681816144680644, 0.040545676519139276, -0.06303206535191555, -0.05647390120910997, 0.05944795469037428, 0.026242147930882916, 0.01553432333548772, -0.009221427512378448, -0.0308680505158114, -0.059576244038434534, -0.02025687344848848, -0.06041583073063757, -0.028912221727990167, -0.046367457214533316, -0.058814418960879786, -0.04822841757205719, -0.06940499267101888, -0.034204008001620226, 0.02022011258319674, 0.004169174189180265, 0.02299851685148285, 0.028352106110744717, 0.03137419220849792, -0.008432108762573456, 0.00034870995444458825], [0.03960530677740127, 0.04373074601023809, -0.025903882590682055, 0.05716551905336684, 0.06877516262675969, -0.02737849200009914, 0.01324663250161099, -0.04383727110630153, 0.003264215296288812, 0.028904999284742782, 0.05897805545069851, -0.025337173791060832, -0.06447769920240178, -0.04815939676864982, 0.05848693228561314, 0.06418059557615204, 0.052971228004332634, -0.012441680335676397, 0.02734774616728289, -0.049840783947702534, -0.009609918212385164, -0.004437055275558405, 0.05422301056349531, -0.019216749679894143, 0.06894680114118246, -0.029532946350422667, 0.0], [-0.05309663024536837, 0.05124016138285048, -0.0596826815097263, 0.012458156360717584, -0.044768845997645954, -0.05039691998330625, -0.058269529334129384, -0.01402436242837072, 0.023356731659829513, 0.01938908172829317, -0.015982864261909556, -0.009743254784408838, -0.05325780061838734, -0.000932304257883754, 0.015618948052702804, -0.05619050990136185, -0.047441695121143566, 0.0708505885483863, -0.013235822924654497, -0.013631671985568557, 0.020347606387996927, 0.069557867160041, 0.06093773517599236, -0.020637316186214325, 0.054424790965761936, 0.027826503624838756, -0.06269961941250979], [-0.03825562333723853, -0.03563586890916476, 0.04825256384693317, 0.04147920498992208, 0.06703026062257313, -0.010625759099663614, -0.03609431908742808, 0.026261479435682283, 0.029878501713014247, 0.06457949038148005, -0.058706498544785164, 0.04167345845920545, 0.03454275547844148, 0.03535585703794743, 0.02909303808831084, 0.05959449984475499, -0.0219262857454519, 0.02575590823995359, 0.059863737764260246, 0.06325079538575205, -0.029956534079979516, -0.015012958743373328, -0.028293846892000693, 0.062217809211773306, 0.014169295233381504, 0.007448533937366278, 0.015045115890162351], [-0.025886961010007915, 0.07996545276132055, 0.015345583307461698, -0.0024364823433733022, -0.005390724500347525, 0.06964104994930675, -0.07725504579318244, -0.07488601639123514, 0.007010605291674009, 0.055106220250509194, 0.03706353592449582, 0.027288709362022094, 0.02906914442038262, 0.011085563074139331, 0.06063786737204038, -0.05409901159780982, -0.0250998777032066, 0.05270536507669784, -0.04659576856146096, 0.05026499722609237, 0.04957592048182492, 0.0009578534749343978, -0.003513430038106324, 0.0670803362517141, 0.05646949288509057, 0.0036809317300350967, 0.011888053221528127], [0.034104033011353424, -0.04199579869252605, 0.01797859970318034, 0.03745011696271627, -0.026027084599222452, 0.03209337885214154, 0.0027235716367114094, 0.03879794360503593, 0.19316564934911357, 0.025937800754483015, -0.026753392907075048, -0.0370218818173621, -0.006242085876599391, 0.045768538798360604, -0.007867483833998195, -0.04363919232215087, -0.003487129597441676, -0.062074003925902635, -0.035734495547475834, -0.04850917117041268, 0.004170133030043174, 0.019344486824721768, -0.004634243676480619, -0.061181950235196625, 0.026168186694099555, -0.06206324944492712, 0.055066397131268055]]
[[-0.0035793522155308753, -0.04494357622970494, 0.048394883148533234, 0.03383938371644977, -0.061333528659575254, -0.013263614397886734, -0.009404688535914989, -0.050750179146396304, -0.06065857812315963, 0.020129680759638845, -0.03670661954070226, 0.004075044721075894, -0.05797872353923491, -0.05831590672516825, 0.024480718495031337, -0.020053043394534946, -0.03657349470565166, -0.057605030621099715, -0.06874143361058864, 0.03236180138282219, -0.054228088025412055, -0.003214090935104892, 0.004001477770178083, -0.03399313591928383, -0.046770010514572316, 0.039172759739115874, 0.009807862330467767, -0.04903006890941079, 0.003613911797112149, -0.012979312390642006], [0.0030626914992050763, 0.05729748157599278, 0.013300847988513102, 0.007819222419717073, -0.025338541141090496, -0.004931661943232695, -0.008546583166528692, 0.03176859079353714, -0.06882271545398638, 0.008226812654602043, 0.020460371181217803, -0.0651552245272773, 0.03704303546926143, 0.0666411868946609, 0.03383173182790293, 0.050128114068052364, 0.0020792797138685466, -0.07292803159921937, -0.06097570488912165, 0.02679059422414206, 0.05582760596053778, 0.0461043050459218, -0.01936545255143917, -0.05163104149261726, -0.003854186527228723, -0.00957682056675698, 0.05490678169089695, -0.02857889185019332, 0.03096463408955812, 0.034041857193720174], [-0.06191100204735898, 0.0023163282917381084, 0.032479565675893156, 0.059681849137519304, 0.002876909955129752, -0.05777054611568807, -0.021901841492033607, -0.011322541172852321, -0.03824212833464803, -0.009339595266228636, 0.05250606842188511, -0.0008771014758419841, 0.05057929787123988, 0.02808799329629837, 0.016600478291684213, 0.03366211404642121, 0.026803235667889704, 0.02398250951982238, -0.008937172639376469, -0.06311402238251965, -0.04702698367715222, -0.06343678103596827, -0.03328390097521394, -0.06539675217463581, -0.03846351045144702, -0.03854898767449187, -0.003833866266867823, -0.035224730939809476, -0.033476995008013474, 0.03831519069433127], [0.029459580842757682, -0.020519702652374922, -0.030736020614698416, -0.021176515301045886, -0.00825717383509692, 0.04447543196835708, -0.05590720477405321, -0.02208731981443249, -0.062215843964103706, 0.02767105702036114, 0.01284733914260168, -0.02189793035097636, -0.013323239278713928, -0.05874250622624838, 0.03878609784197233, -0.02158818264800137, -0.04389574900226413, -0.03277096645256729, 0.06404195106812406, 0.031153435484641136, -0.060942527974846304, 0.04472549998625546, 0.043166831672042195, 0.0031965524574391925, 0.03566527352887297, -0.011899478734577747, -0.027832511149426944, 0.01204596198786338, -0.05006609468395273, -0.048906019541331044], [0.07170951195067723, 0.02744947262856287, -0.056339000006984316, -0.05604606363705141, -0.0300241313422032, -0.021117787444689885, 0.05746445737284412, 0.038870874511901195, 0.02620620603338256, 0.001333610849729818, 0.0028080395219121615, 0.04465541918976506, 0.0445558107845864, -0.004029338934247573, -0.0660115873307936, -0.051994158135760464, -0.040908706153130525, 0.018549774448586017, -0.04797293847185693, 0.017770587489863158, 0.04078130579370906, 0.00039323954155544495, 0.07295331473948163, -0.011702075458445631, -0.059195213282711816, -0.03243153209722186, -0.0075709642510064625, 0.015080533329728092, 0.019977187908494426, -0.014097157359117188], [-0.058021709735995755, 0.04049804111309373, 0.018291426415890526, 0.0507534291799065, -0.05438243482996617, 0.02630362908026521, -0.019702569329844877, 0.04005313198380092, -0.002680516991729154, -0.03727569363033605, 0.057049615886974624, -0.06121122800912914, -0.013035786835706739, 0.06182271280768168, 0.03346471886824814, 0.028194793114780913, 0.02490844151388251, 0.04434735527479267, 0.041671618833088744, -0.03680389778690077, -0.03467991698764736, 0.028411614258797614, -0.04994638728750555, 0.024669281200929656, -0.017924296154126954, 0.0021751157125523136, -0.010868901856942666, 0.0034800164160124817, -0.05027472368321854, -0.027096995220252156], [-0.04223238925949567, 0.044235913549024064, 0.012098355340588564, 0.007288140421706536, -0.038131900923661866, 0.013646540430038044, 0.05643982673236972, -0.04226946658199099, -0.05067822100655874, 0.025770567898749555, 0.06336564675500429, -0.028366707418970842, 0.010388883947753117, 0.03996235024884083, -0.041798783752916284, -0.024373799164522706, 0.02761464913717238, 0.035006646570624265, 0.061192173415313876, 0.01239623678372914, -0.04596888443301372, -0.033991540596850334, 0.010457653281127499, 0.010125667438609995, -0.05017883581617217, -0.018919035448300116, -0.020311711005387766, -0.053095145093161815, 0.016509022194111298, -0.06318530535423361], [0.04727740525740634, -0.05475359797522676, -0.047943047942944544, 0.04778665003226003, 0.02222997540840674, 0.0057355809029842365, -0.005244740601503551, -0.031557411472762774, 0.059616103861556795, -0.018347243067087876, 0.05631497143633045, 0.040572991836459966, -0.05979274738252609, 0.0450761858073495, -0.02910057521216834, -0.03451631801105686, 0.032873754913823224, -0.027293050728553685, -0.02246072608656409, 0.050090584282516844, 0.0092782867125276, 0.03365678993220655, -3.022751405507616e-05, 0.052549357318604446, 0.04297281766059676, 0.029122752925888406, -0.015663757184288966, -0.01389909390091585, -0.059076887747039473, 0.005166366884388038], [0.012188615841015434, 0.05862005923037025, -0.05123504996871517, -0.012764991427490845, 0.004368512439435562, 0.03086800316491879, -0.016192006289662948, -0.04315775250881689, 0.044131888078236085, -0.037031863832245215, -0.017600149662392033, -0.059110382425839665, -0.016405907435657868, -0.00444051927357286, -0.033627290070349224, -0.02384069389105701, 0.053747474150540445, 0.05282296516077743, -0.04636814648855841, -0.028525007977907364, -0.007738719873070584, -0.05826997178119516, 0.03741937360620968, -0.04948328258191879, -0.02121530325673334, -0.0223810619339509, -0.061650034407940466, 0.037231751576154985, 0.05070180482192971, -0.006861416843336772], [0.06619098830670969, -0.04016452162056939, 0.047302890515757874, 0.018391480044081795, -0.04221961678912249, 0.052892987439671045, -0.025385419720818043, 0.037875764806157834, 0.02335225666732802, -0.01988397422485807, 0.045097733500245644, -0.04804121755535025, 0.014335784682411095, -0.05947632374290731, 0.015295963800830464, 0.024457409654497657, 0.05726481896475475, -0.007277390609833444, 0.03809513054406137, 0.006373039764781229, 0.03663141485324683, -0.04111121197879721, -0.03931565574906629, 0.05468050648477833, 0.03032859477702954, -0.01387587373310383, -0.004771223282948739, 0.012610671944407369, 0.04604574839424668, 0.03125438584762771], [0.024229356424460995, -0.057033826612472006, 0.04808065405380313, 0.006022557247290756, -0.01933898216460016, -0.01013312095747255, -0.05076957142004211, -0.0577235007737706, 0.011070302995153379, 0.02952282829278455, -0.022642423465020243, 0.04925517483979149, -0.025769241449445413, -0.0013526452138311771, -0.02685530720224506, 0.023118760863696436, -0.02521781484022431, 0.03541180070269384, 0.025620239453649826, -0.04245456260133607, -0.038819699700926864, 0.05971902074243126, 0.04306229937899628, 0.05340052671387546, -0.035182568685457626, -0.036525425938367814, 0.030114136357067906, -0.04319867306438951, 0.022767502507658823, 0.045587475337044187], [-0.03196603941768606, 0.017484613900780505, -0.010536477307849278, -0.0125335185941033, -0.04066333087321856, 0.023822145805913308, 0.06049383666120657, 0.04410283413553322, -0.041085776351160355, 0.05900619804632263, -0.028734495236126575, 0.006552708491070723, 0.0009631307094339189, 0.00555265277912497, -0.041232881868243795, -0.017630325764450536, -0.035108757534362364, -0.033037802885463353, -0.03344611623556667, -0.052957910024356035, -0.034217561694728366, 0.04305919280136407, 0.03422542697068461, 0.059607937913569, 0.043354349274581844, -0.040167135827303455, 0.035775225598762506, 0.03994092628129863, -0.02399589841189036, 0.04874479260384432], [-0.04830129454895199, 0.00424266661186753, 0.03480631356389376, -0.028787326476547633, -0.013198371552089578, -0.031981221217726355, -0.033096662800575195, -0.03922018907702313, 0.056468757171960704, 0.01974667449944832, 0.004153440105149021, 0.057835844127443505, -0.03499386157197837, -0.004170024018708263, 0.012133312701542599, 0.05511428194031686, 0.04727409502514894, -0.0616961013796099, -0.02263349469735988, -0.029621266321328457, 0.04630944896110564, 0.014039206883528381, -0.030302896507424567, -0.03656117272710041, 0.04177476019563687, -0.04296025272477922, 0.028097296186494636, 0.05243496732465219, 0.01018900013372335, -0.05785579894688475], [0.017408722427679862, -0.019171792510628165, -0.04865416274772938, 0.019430792472240343, -0.042580672792482184, -0.02639176481862532, -0.06082914581401779, 0.0029870538377637502, 0.029456270994292693, 0.02051707446020789, 0.052496567949333606, 0.027920176187026975, 0.04626141326332772, 0.04529546121175226, 0.022756850766945183, -0.03889196985424559, 0.036668663415060206, -0.032296864215326196, 0.029417351878633376, -0.059943737785243416, 0.030919776773821572, -0.04642295384202343, 0.03385634631123943, -0.0022200924222643796, 0.031814084639982816, 0.028135258533227497, -0.05971600376874727, 0.0021301002737050376, 0.05640517624983686, 0.02900369778258975], [0.028839856789645943, -0.022859199874988884, 0.06976675577684971, 0.01019682206478651, -0.06815291847082912, -0.03539213027293185, -0.07937197809362738, -0.042149451912901474, -0.04151912563552317, -0.0685607666133681, 0.02485889400736979, 0.02289504267859732, -0.07855337846704634, -0.006067849069523594, -0.055775625595278946, -0.004819533930630477, -0.003415849985685474, -0.00721204860199119, 0.042000818515510095, 0.03482823797654144, -0.07013746604670844, -0.021145688379022476, 0.0024722605238707202, 0.03597079830228066, 0.004439155984518442, 0.0005299923050715252, 0.021676598017017018, 0.03537302478988218, 0.01956667163132757, -0.04145205968667413], [-0.06465105860088013, 0.04310467610864791, -0.047675660898412124, -0.006033341711275604, 0.06347999707163644, -0.018315805457889, -0.06184985998285675, 0.030274888698624613, -0.061458783998168585, 0.00012230480425163867, 0.06501378381614313, -0.050857698829761044, -0.04544789812698624, 0.00988042300041258, 0.04086529087899436, 0.02496712543324246, 0.033080596787231985, -0.004436105732470728, 0.02670171931246153, 0.01658411090779661, -0.002983411608155506, -0.059938197940337785, 0.00061391002147651, 0.05796637405327905, -0.006621754074618639, -0.01775510777287189, 0.012917188775249456, 0.06012946207826736, -0.06368350543833884, 0.002589958079261256], [-0.04811764740989122, -0.03502131981010482, -0.035224318034756015, -0.013286432012993407, 0.03724454607285466, 0.0041978225653808605, 0.00385154062544814, -0.008620385957118643, 0.057845321385427105, -0.05692834885274195, 0.04679773411984806, 0.03447705485135086, -0.04505384984545612, -0.04566465842962849, 0.015134183699945158, -0.030640886909421516, 0.02928108306751333, 0.06350135212055025, -0.023083217614152836, -0.058965105559107375, -0.049964649867739, 0.0, -0.021989160515419395, 0.017284048669044386, -0.0056938411333101934, -0.036107278963043936, -0.0636780939010824, 0.04852700747793198, 0.03592787470973466, -0.027891235819003247], [-0.052576657766741954, -0.03023241371036406, -0.04366345511139938, 0.039583006031939344, 0.011783416403261623, 0.011480931087558323, 0.05273123076392515, 0.024080426237801357, -0.02879285160330501, -0.008511989996594194, -0.05089722443937838, -0.05471337469025352, -0.05767682542025585, -0.010598687080031036, 0.01486551925956242, -0.02270630537397456, 0.0040098648843316705, -0.008942841872206064, 0.02845878796304113, 0.021554613102446635, -0.04378796618412681, 0.052672532755683434, 0.060640477920450485, 0.008322427164517403, 0.05913120848838124, 0.030374326595601474, 0.04594506541516786, -0.0314056785145263, -0.06128492392298304, -0.028574970240190314], [-0.023346192095506136, -0.03802221086063873, 0.0019246612923590955, 0.05605464286566921, -0.029978830348543133, 0.035597896423963445, 0.013705833754098005, -0.049708353080839755, 0.059800877446440553, -0.011628411336618788, -0.024700684325552523, -0.010223600826657206, -0.031552622602837435, -0.019031087879336633, -0.0184086067718494, -0.06050180521706061, -0.004197841593106214, -0.06441257532793193, -0.054147784472324274, -0.050879488104781295, 0.024718786111470967, -0.006029704787998213, -0.015902651437709737, -0.02612563011878618, -0.02976699519113802, -0.05134010582953624, 0.07127985578394583, -0.028634430455081357, -0.0277066965777581, -0.06067113708046101], [-0.04403735000176656, 0.06325056598139094, -0.018045760791655603, -0.061746779788187815, -0.022661301657103245, -0.0023682520389424816, 0.044589229062962595, 0.0031159047273650836, 0.06072354091828081, -0.013883414444560954, 0.05168554994760533, 0.04280038294766328, 0.019811324798840027, 0.04164164472946349, -0.030428759229785593, -0.00819668827376747, -0.015653206198524856, -0.04093201152241417, -0.015555718700298184, -0.05115234347407426, 0.022684471887292265, -0.01330049620480644, -0.04426557541584029, 0.033119308653213865, -0.055373263045782876, -0.02078533165792039, -0.04481863836285016, -0.00698723649620086, 0.0609699382977, 0.04541601074374011], [0.01644306259015014, 0.02744149166304289, -0.06423574483379521, 0.00875664222840076, -0.06405654720240368, 0.010085315781553143, 0.010193137835492234, 0.035129471451321094, 0.0033972036956727565, 0.01326634575377857, 0.036043966781802175, 0.03852248593250009, 0.014991603890406264, -0.02780340728069997, 0.06120502350991954, -0.05099428623234375, 0.02982568503359588, 0.013985490172434249, -0.04629122159928061, 0.040110104599677926, -0.010047615524106355, 0.06267110991271349, 0.019190534990939714, 0.051833496684650586, 0.03687622380324948, 0.05807974634753366, 0.03308426303238319, -0.03423401684806477, 0.05535878507240396, 0.02584596971568398], [0.00317189988572638, -0.01756739531029984, -0.012117331723891196, -0.06310707777452372, 0.005794470361809251, 0.007854469162053826, 0.0574924605191523, -0.005582558831794021, 0.05785454649508611, 0.02783963380760546, 0.03714091844664037, 0.06373812153545043, 0.06346442695853748, -0.057223013009334474, -0.02921964182623305, 0.005078436700067862, 0.013123059721650003, -0.05321308302109919, -0.054975157759325606, 0.0067262454463235775, -0.06100239888498765, 0.0339895993467519, 0.02208234837022651, -0.021628645066962094, -0.022405880277584857, 0.0014707834026180464, 0.057964078012088555, 0.05409500773419631, 0.06002944209027736, 0.0230478685177026], [0.035359879232106865, 0.050547269687543354, -0.04694279051906391, 0.04308790167026964, 0.024711018113003736, 0.005251688693208689, 0.025037824374799986, -0.03313395095388007, 0.04191067564796032, -0.045201465980093745, 0.014978901160414835, -0.0395037454378151, 0.04379596994995713, -0.014362445635657773, 0.03784468375838771, -0.02899746569839383, -0.033752139709201635, 0.03513050822739117, -0.03336332393467535, 0.03013183775798093, 0.0432456094020881, 0.05049729587412923, -0.038185597934994146, 0.002516748648371467, -0.0064796799834696125, -0.05086414234355332, 0.04360834443834682, -0.026788768344793833, -0.03513247136939587, -0.03963585551905195], [0.015394671208902722, 0.0013516479459843315, -0.058485719702794654, -0.05588241026296828, 0.03387462890506306, -0.004960327060518554, 0.05638789439275765, -0.05220055401122931, -0.038506387685151695, 0.04272413525477329, -0.028839811247449793, 0.04462795184722194, -0.05735693269875927, 0.051732950269532535, -0.0499193013243636, 0.0012180070195173828, -0.002534857036018939, 0.05713837148148174, -0.04124927550328538, 0.04287835294449851, 0.01590387131118798, -0.0111613143048666, -0.009235083314905005, -0.056786628034026496, 0.04569972450981833, -0.050863576569119884, -0.019753613728793275, -0.01731739738348647, 0.004518544232825694, -0.0314960588086978], [-0.03722541069860405, -0.03390433731188898, -0.04699994879211288, 0.06584374637381245, 0.06128605824657607, 0.002960397174935522, -0.055174118399628914, 0.019157311664423377, -0.026519545371444665, 0.03799585708389841, -0.019864176487839325, 0.04711018554078621, -0.027594354553419267, -0.05980245354023886, 0.07047087974742117, -0.03148044185385304, -0.00022919578917203728, -0.008592076885394038, 0.036608551799807314, -0.019894639728479213, 0.015534774657955818, -0.05133286594469936, 0.01927772783242893, 0.03736608298528745, 0.009164785528169808, 0.04317606388417389, -0.01885501603443719, -0.02591452570218048, 0.06554120623131038, 0.005123264155621241], [0.05227332413422759, 0.04581334620020043, -0.03385153030173826, 0.04483667357646131, 0.015318896304136765, 0.02838653759715046, -0.036621017000854336, -0.052886297775024446, -0.018845789469653505, 0.021008687385727247, -0.03768820238953137, -0.032098862846257535, 0.053735293899270925, -0.04155219291196902, 0.045184368510869544, -0.043223921950176665, -0.014851857535763959, 0.00137924917926801, 0.044124076422096564, 0.028496186869527443, -0.026036479719752145, -0.04941753522257076, 0.02356991936275114, -0.050512324998484265, -0.027685738012391502, 0.05013375087143037, -0.02588429205894412, 0.02154357199733146, -0.021502367536236265, 0.01153770796020258], [-0.029380938793728443, 0.06054362684755116, 0.03749602199776664, -0.02908172869253409, 0.06093445344193465, 0.038649335661874375, 0.03047451460884301, -0.031790079727385144, -0.030824178186427173, -0.004376584668029326, 0.035565844069425784, -0.03863931071858584, 0.041459311239007035, -0.022252318318541, -0.0034164878481724695, -0.024170861799883314, -0.042942441686744555, 0.03310970851870473, 0.05162321165866867, -0.022089898465645356, 0.022361798167451416, -0.03250181679866739, -0.04317843405648112, 0.012246727135465232, 0.05731396766502553, -0.033883307801303546, 0.035015887598632854, -0.03803379525251735, 0.039135166315924036, -0.01750824225907872], [-0.04233709568836192, -0.02884836422873275, -0.01541438908228634, -0.05029698657522075, -0.04549161607019157, -0.04927888707123917, 0.0008186763774603487, -0.011318910342234962, -0.033827231736416996, -0.009503808864128091, -0.06437883806833457, 0.02567077728111902, -0.03365628048079141, -0.05275771172696797, 0.02762173133099771, -0.0013580808836554928, 0.035438299602836405, 0.04133159949759837, -0.059961260913394245, 0.007006245260406008, 0.018283425899671822, -0.05531202787337984, 0.05429648433786366, 0.06416676102220975, 0.01501124494206271, 0.0001223074845314265, -0.032836740269343634, 0.06240830268680202, -0.047728401303991703, 0.013517513097769262], [-0.039336624142001855, -0.047294426919085815, -0.00693759114750101, -0.03224953121113265, -0.000949369527707393, -0.03007006824738165, -0.0625006211207527, -0.0030500486919674873, 0.04313433745299967, 0.029589004786490517, 0.019701232266296144, 0.03619206436378379, 0.0020265145964740955, -0.00943814978266373, -0.03955626514764249, -0.0471336781844355, 0.056703365941200214, -0.04285225757017816, -0.024463963673613774, -0.054923509458981855, -0.04464862000846437, -0.004502925945377489, -0.05317369208719296, -0.040656820546843296, 0.04316725243923378, 0.048034403069132044, 0.018029268818537565, 0.010241400953041824, 0.06011016098836221, 0.04933283091152393], [-0.02532384395669889, 0.05098572643173352, 0.038734446694876024, 0.023792225742005933, 0.0019538568060905393, -0.024694633946337113, -0.05413476507438714, 0.055889666846755566, -0.010920459513792198, -0.05628546475522509, 0.05652096998068584, 0.036434778364944236, -0.05018552855839717, 0.02070610922736861, 0.031014147258624385, 0.04133781566317691, 0.015386607253689101, -0.011105261176292649, 0.019380198370975567, 0.017789855259218782, -0.015534042689980926, -0.049546253837990335, 0.038157671211792366, -0.04511739958823788, -0.047109875640111, 0.007703002928562502, 0.047274443283197534, 0.05192253521286805, 0.05231466704688072, 0.0027437476791031356]]
[[-0.041737040011819694, -0.007042776726570629, -0.039958090921423245, -0.039448606462058826, -0.05741373942486941, 0.042020004380124265, 0.04369045058435648, 0.061541619029644876, 0.022133714293553906, -0.01822809942047792, -0.009422295813598611, 0.012743764185022072, -0.011047237446969975, -0.054856597593846514, 0.011661927906995401, 0.025060956091784672, -0.017392500241127196, 0.01784733914176865, 0.05841609976857597, 0.04520203815385736, 0.0256083592318697, -0.055106493955819506, -0.011005373767173544, 0.03720585260758795, 0.027133281389792166, -0.041728256112849985, -0.06452659385526152, -0.05260974109622336, 0.017391829669703967, 0.030819320715272554], [0.04187094137008892, -0.05428429373609378, 0.04861005461364287, 0.057146096682921387, -0.01181058246215304, 0.04536957688442404, -0.016430176075605357, 0.05655060391249468, 0.007092280616213251, -0.061272948214480726, 0.0051681708874522555, -0.04974994120539772, 0.0010538490766461735, -0.0438503744495131, 0.008943472798098394, 0.06163049425945097, -0.05618447751957866, -0.036236457530544344, 0.030474004234315736, 0.020493933570634455, -0.04064089537963063, 0.018102064819163568, -0.02919591809172238, -0.05145256529633552, -0.023740879354748206, -0.006730367010789423, 0.01783813512361132, -0.021102896224458486, -0.0598311647387009, -0.017142383861089582], [0.0037140209274869464, -0.01258191489186412, -0.06059911468272476, 0.0471036152182566, -0.049320072061630325, -0.015450639082313204, -0.04882672714508067, -0.0083352286263053, -0.03804679682450786, -0.052390579415461, 0.03153755947743379, 0.05107452345562608, -0.034983184938733106, 0.002434195350541855, 0.030498305007607016, 0.04211243246013164, 0.009060840273754396, 0.015509598609806606, 0.061641976446020284, 0.05474449465474452, 0.056136356010281475, -0.01506648197779512, 0.045881483040169944, 0.01759063673685414, -0.004634952936294745, 0.008458364250601673, -0.023620838517540405, 0.06209221578624795, -0.035619375753213035, 0.06093347544097148], [-0.02205562667444497, -0.05205547895667764, 0.024153200610443203, 0.062105484511107104, 0.04564483323421001, -0.050813305358188364, -0.030151362640202812, 0.016182850473027803, 0.04284790652730578, 0.04877423921415773, 0.042697399764476965, -0.03576056543833707, 0.060901596324646354, 0.059747295504616243, -0.008904048417466356, 0.05333879573691658, -0.00656431039970747, -0.016202409229973614, 0.037768559466814004, -0.01962105327421932, 0.03328512102825373, -0.003183917131577522, -0.03807884956681576, 0.03556676239056054, 0.024090537120337673, -0.03143927165388085, 0.011332018893136842, 0.0003878266864243491, 0.02589172150184766, 0.06045365227022555], [-0.05229750635736259, 0.038874107245524835, 0.008172849274785775, 0.039220022251816866, -0.0017413071693502223, -0.047159233870103366, -0.02632093760309609, 0.03702349208060794, 0.04948433475068804, 0.04367896396999075, 0.04200982553016289, 0.05035814929155114, 0.014419870386177716, -0.025950627290064907, 0.013314651624701166, -0.04218754978815015, -0.02501144733697248, -0.01380117908773513, -0.0530506118185629, -0.03765933750687245, 0.05149710645112842, -0.006463271974526101, 0.030166354101006168, 0.04562361789411934, 0.02528731295825109, 0.0055028776253940705, 0.04756339646703101, -0.04368569516391772, -0.032316022055925785, 0.050158341074422984], [0.030237368743287203, -0.04700472592988397, -0.0031590698795923786, 0.013243033171318247, 0.027932248881384656, 0.07103827532511084, 0.03873915508806089, -0.0246904087931202, 0.016033461632910993, 0.0028393807333954866, 0.03374935772061938, -0.054478561503600566, -0.01144199727622282, -0.044828682763710645, -0.015883011373695428, 0.041136958741737555, -0.03798714822356766, -0.03353884370993736, -0.03881625774582316, 0.05766499059925542, 0.06595376246585512, 0.013401160600601127, 0.0167920530537803, -0.027162391642135457, -0.012204814751635517, 0.01551105717360263, -0.061136156850923974, 0.06445722776809722, -0.04951171291430753, 0.029426724942826214], [0.04692668265993173, 0.011899967385430508, 0.053667264012227635, 0.04329662472749678, -0.04185685428816508, -0.06113576611462083, -0.05543201780722075, -0.008858190482179113, -0.03584810078469782, 0.026153106723523264, -0.059355189594920456, 0.04122835196944939, 0.0299292831344335, 0.016978693024649067, -0.029004786247361844, -0.01202194131857857, 0.00852411280660958, -0.00852560265305517, -0.0372155694206765, 0.05670728322049611, 0.053050695194336236, -0.05169514505817855, 0.06144445100788004, -0.0492105617625694, -0.00440061047924399, -0.01643180984244326, 0.00924689568560913, -0.04665268693880229, -0.021608615881524598, 0.0016931397736888996], [-0.04327569677275901, 0.02625357539319461, 0.03821938287855433, 0.02582271980030597, -0.070159717669685, 0.01915989640768138, 0.0478690142652642, -0.0038682642432336383, -0.009155103247793492, -0.015465968044058052, -0.0413481728125426, -0.01292061433387657, 0.0011532250084952895, -0.058897706321317016, 0.04030569836187507, 0.010026872585801695, -0.026175887601758138, 0.06810896154009165, 0.010029255429894869, -0.04722341513506824, 0.017001859211967316, 0.034566944922023224, -0.039178823457219375, -0.05506012520706113, -0.06115928079576726, 0.07441586595646679, -0.012717310826548903, -0.052059658162502444, -0.02236363434375327, 0.016037349263439384], [-0.008245052324320651, -0.023360774971121153, 0.031091866502782513, 0.0373687393501277, -0.009389443094785213, -0.0031414574210068785, -0.03082120872025087, 0.02769093596523805, -0.0206338338172964, -0.026867706810182437, 0.25234145207400754, 0.24198331639677087, -0.012515982424672027, 0.005936697266529962, -0.028685339349406383, -0.02526557013860967, 0.011193866292235897, -0.003197074197587431, -0.024983843740854113, 0.01827587245275094, 0.013736017756283475, 0.002864534220813738, 0.01714860219223511, -0.008918502574251601, -0.014311088752251209, 0.03160492245934877, 0.023695294546194227, -0.03001146345042918, -0.009266145125932117, -0.005453395611723911], [-0.019071227326591122, 0.009479693528324515, 0.002780313772634419, 0.013290436883589779, -0.0461975212154106, 0.040058759377473455, -0.03446161016733617, 0.04971684564173778, 0.030560133565290293, -0.026620054093007356, 0.001754956301263592, 0.0718777071334744, 0.01628468446284934, 0.0044748967629892715, -0.043310966820299675, -0.043817539894433266, -0.07313957240860543, -0.03707662666894242, -0.05931429929773076, -0.015463111280664113, 0.05667917511631373, 0.07306412759584081, -0.0211409322834747, 0.001881526186925115, 0.04456818084529994, -0.0680579579621528, 0.05790779596205551, 0.013917655948754002, -0.014713298089209235, 0.009318393407326427], [-0.006568103481418993, 0.04861870240891101, 0.026465515434507512, 0.013225638601275699, -0.025455558104036144, 0.004188907811418866, -0.012568763337983378, -0.04396856928504858, -0.04019931605027848, 0.04778510980184143, -0.0223024170694561, -0.04860603882545613, -0.05471461848208937, 0.06796244838573415, -0.025207700625271046, 0.0, 0.02775507325136687, 0.001020090914950753, 0.0004500480980651457, 0.003505373440371569, -0.024794868138365476, 0.025451507601335445, 0.06335793016086019, 0.051519204593698326, -0.06495944870066642, 0.05470764539003743, -0.07302230573936641, -0.0540278322473474, 0.0008221517670593603, 0.06676911225178228], [-0.04658420236515187, -0.01983709047768681, 0.028111766600101347, -0.0582025647150778, 0.049903997743011616, 0.038228937624122314, 0.026137294581134046, -0.03911077887598703, 0.02608366609176481, 0.06092163390762874, 0.0502277110493054, 0.015294626413117325, -0.03501457974416246, -0.020764391217979572, -0.0041177019131996995, 0.1230408354970037, 0.04908097183271576, 0.009414232774291908, -0.02329476002204151, -0.0030709869513553443, -0.009472306582922554, -0.05204773756631986, -0.014598226172572856, 0.023533653130512734, -0.04061935783132809, 0.049412887920368014, -0.03849447185304489, -0.03464948926920655, 0.006730974985944602, 0.003998164290940872], [0.0687163666711191, -0.030889542078712452, -0.05946563702375858, 0.01683045625360215, 0.04257382468074771, 0.001604275936062047, 0.05502837644021114, 0.01079219427083719, 0.06199941534654836, 0.03165320450893275, 0.01580599964634647, 0.018069292754824603, -0.04108678142732348, 0.06679318949225993, 0.04705551047087594, 0.015591352811045695, 0.014594524075763806, -0.04521852591349755, 0.060518326659430986, 0.056746316438664374, -0.0016042762883080673, 0.017807540080608655, -0.019855405329831915, -0.0011368113661376089, -0.02485183354916007, 0.01605099874885616, -0.008545637411842416, 0.05394611558534765, -0.03852157872259086, 0.05664669001675214], [-0.04684693977444458, 0.05000010440875807, 0.0006377587792518319, 0.057034317106092906, 0.01587460475503233, -0.0485028187507392, -0.026405696818763154, 0.033826999064311955, 0.013404501817300275, -0.06871518005537491, -0.03892909979997512, -0.04513640119518146, -0.013715064275115138, -0.038078455828288664, 0.05261052755522585, -0.06231724390366283, -0.01603377383354089, 0.031221353361845894, -0.0033930382345196087, 0.020904128148583095, -0.06840707569260379, 0.04199671655249729, -0.03977921028131319, -0.035596571647697445, -0.029465265245949328, -0.005158781336279654, 0.0003436287416952858, 0.025021926859128473, 0.05405237000413089, -0.01659044617269702], [0.05536314405552084, 0.01723624042344698, -0.02798901756904307, -0.033505028024831914, 0.025419857222701993, -0.01290831043571216, 0.06051471734673774, 0.003908557366520687, 0.04112061725993613, -0.008875395960093617, 0.004403809079915674, -0.002571278377996949, 0.019665662918639647, -0.05477914948162321, 0.04725903615352333, -0.0376589514440418, -0.01206282708199462, 0.021794777858365824, 0.046880490401689186, 0.053809851930936674, 0.023999348169099738, -0.061322647503425934, 0.018514934733300566, -0.010386414587018665, -0.04573684685713471, 0.04214952003628873, 0.040744651484193393, 0.061999006356948515, 0.04039060649108107, -0.06702930338823655], [0.035977054700331634, 0.0432427499684325, -0.037922541675579596, -0.01787695729535004, 0.005448563325189587, -0.01935763467657099, 0.0093607967985026, 0.06314499325021626, -0.0556822203860561, 0.013944864656830758, -0.030143109827753204, 0.016612241284928237, 0.016502128589789302, 0.042407568710806066, 0.056032542560173884, -0.03703045671628676, 0.04363774773512604, 0.03694416111983432, -0.04711228709485398, -0.06730302810114766, -0.05858842991971156, -0.04761989882263494, -0.01485768572652551, 0.029438550892166918, 0.00514828773535528, 0.06679437045948519, 0.014800547838814895, 0.05336344182558512, 0.001485540816451731, 0.012219597489509453], [0.0016306913673998155, -0.03438259692545155, 0.04036347219329295, -0.05416400845739709, -0.09008787896619477, 0.06196996355789505, -0.03956259960608391, 0.0022483765177820046, -0.003546316805114649, -0.031793998924506725, 0.007256077703354586, 0.02869201885094913, -0.06149885053970704, 0.022936120718423, 0.01042376013241141, -0.05918798789674741, -0.016125199613610863, -0.018660386114695338, -0.03644871325971827, -0.05315521727663341, 0.054053768607563155, -0.01793979563606228, -0.052268742583158646, 0.0097578304246541, 0.004735702179541412, -0.01198883557719878, -0.06513969874546503, 0.011192225273194628, 0.052475666686219495, 0.04631349885957352], [-0.02555244379345408, -0.007484569373571809, -0.026123686139416, 0.0646110707591961, 0.07955299885671566, -0.035159878238009604, 0.013251896945684377, -0.006641070423508627, 0.052400639959188346, 0.022218310140197598, 0.04607570295190397, -0.03981722833989547, 0.048232497842688654, -0.06082304185137665, 0.03816052659992991, -0.032404790293873414, 0.010115506715310536, -0.07255434025373848, -0.07701082834562499, -0.0048062037314063446, -0.041089445108793705, 0.004004714393878478, 0.02043227424652417, 0.027906743310041497, 0.04571352533829268, -0.0016685258136319937, -0.003914865389272237, -0.010434799532377052, 0.07224311436292297, 0.009594760949574552]]
>>>>>>> cc1584baadae8e97e755340497edcb1dd36a3787
